6243364797
7784816356
6674496363
6919854752
6948595886
5482465733
6102950641
7995333990
7603957289
6311764447
7371875483
7194956848
6226239719
7170464446
7637265997
7464025254
5381720609
7744828529
5455114224
7472318546
7203328371
8122070443
7386100035
6636254999
8174566886
7836419552
6529300450
6076826868
7503167451
6356083282
5065841966
5195052332
6729470297
6449882661
5745457827
7784301594
7582315631
5982638793
7268705079
8025774681
5703848614
5271954827
6176343764
8120924215
8015444074
5924191438
6170897405
6810648759
6656208742
7431682408
5607906960
5653649701
7091764291
5888166321
6282045337
7631901847
6223780527
6897203312
7614556705
6694891795
7922785645
